-0.079054 -0.490606 -0.366315
-0.019421 -0.463984 -0.370773
-0.151625 -0.419869 -0.363071
0.031198 -0.432669 -0.363330
0.061797 -0.426135 -0.370575
0.095486 -0.424222 -0.360723
0.234861 -0.433328 -0.362959
0.276355 -0.401366 -0.371233
-0.223650 -0.363117 -0.362304
-0.189881 -0.380116 -0.367227
-0.371111 -0.331096 -0.366629
-0.344012 -0.339700 -0.369677
-0.281129 -0.348479 -0.362754
-0.240660 -0.357772 -0.369113
-0.239138 -0.358203 -0.368781
-0.377397 -0.314399 -0.364179
-0.382836 -0.245385 -0.364346
0.417490 -0.212574 -0.366460
-0.400428 -0.163132 -0.365718
-0.395137 -0.186116 -0.368279
0.455150 -0.183445 -0.360409
0.464279 -0.148232 -0.364094
0.452226 -0.100915 -0.365795
-0.460469 -0.061098 -0.361635
0.435727 -0.045018 -0.366780
0.433165 -0.028820 -0.369234
-0.505524 0.008950 -0.367768
0.431986 0.021402 -0.365588
-0.480270 0.047951 -0.365536
-0.473569 0.056035 -0.367438
-0.441071 0.093866 -0.366013
-0.427511 0.114922 -0.363055
0.444939 0.097882 -0.363778
-0.420299 0.131412 -0.366053
0.453699 0.140842 -0.366617
-0.394742 0.231318 -0.368349
0.373020 0.229092 -0.369369
0.405049 0.213131 -0.369177
-0.395769 0.274620 -0.370054
0.343366 0.247297 -0.360244
-0.393905 0.290762 -0.365660
0.311924 0.286942 -0.367788
-0.380326 0.321626 -0.371402
-0.336364 0.332492 -0.367890
-0.247588 0.350035 -0.371839
0.294735 0.330271 -0.366730
-0.183805 0.383065 -0.369523
0.276689 0.383340 -0.369780
-0.165591 0.400060 -0.370825
-0.001655 0.434478 -0.368152
0.051121 0.420566 -0.367938
0.093059 0.420299 -0.364142
0.159097 0.421854 -0.366508
0.186404 0.425190 -0.361984
0.255407 0.413872 -0.365656
-0.137746 0.454374 -0.368825
-0.035302 0.459529 -0.369734
-0.105196 -0.482687 -0.336426
-0.060492 -0.485393 -0.351605
-0.132507 -0.455274 -0.347472
-0.114533 -0.478996 -0.339211
-0.021714 -0.463885 -0.345677
0.009705 -0.443248 -0.353232
-0.165397 -0.403647 -0.349423
-0.148426 -0.428932 -0.341398
0.030874 -0.432341 -0.343693
0.060825 -0.425660 -0.341410
0.109365 -0.424483 -0.324976
0.140693 -0.425206 -0.337718
0.194459 -0.432343 -0.336796
0.230792 -0.433328 -0.345106
0.259183 -0.417354 -0.331301
-0.220798 -0.365624 -0.336509
-0.194681 -0.381881 -0.323382
0.278325 -0.394058 -0.336752
0.283976 -0.375820 -0.341430
-0.348799 -0.333365 -0.332120
-0.288391 -0.343687 -0.323934
-0.266240 -0.348440 -0.327497
0.293810 -0.345772 -0.332829
0.310779 -0.309398 -0.345999
0.329362 -0.283137 -0.343169
-0.377415 -0.259628 -0.329120
0.349575 -0.260918 -0.349295
0.364281 -0.249764 -0.334907
0.384686 -0.234065 -0.345893
0.419272 -0.213276 -0.335918
0.437377 -0.199875 -0.331452
0.453288 -0.182979 -0.335342
-0.408086 -0.131575 -0.347966
0.463237 -0.149935 -0.349660
-0.416788 -0.109226 -0.346422
0.451582 -0.098643 -0.348847
-0.443916 -0.071112 -0.331578
0.439066 -0.057632 -0.349855
0.443987 -0.073697 -0.330337
-0.499520 -0.019371 -0.337356
-0.489209 0.029432 -0.325476
0.433022 0.017327 -0.340400
-0.470617 0.054964 -0.344239
0.437998 0.062335 -0.339037
-0.444287 0.086165 -0.349663
-0.431145 0.102800 -0.345256
0.446118 0.103693 -0.347837
-0.408935 0.142192 -0.328495
0.451737 0.132028 -0.340959
-0.395045 0.185643 -0.331324
0.432816 0.193885 -0.340202
-0.389613 0.211663 -0.334221
0.357954 0.239639 -0.335157
0.372286 0.231828 -0.334971
0.411961 0.210511 -0.335745
-0.388341 0.263819 -0.330015
0.314695 0.275644 -0.333289
0.340540 0.252144 -0.337243
-0.387505 0.302429 -0.350769
0.300742 0.304245 -0.339600
-0.350349 0.329766 -0.341705
-0.304426 0.335864 -0.345275
-0.254506 0.346386 -0.342914
-0.229843 0.354600 -0.353292
0.287990 0.332361 -0.328198
-0.209999 0.364237 -0.338896
-0.169698 0.394152 -0.343697
0.271629 0.387640 -0.348979
-0.162745 0.404741 -0.358761
-0.150212 0.426910 -0.344393
-0.009386 0.437127 -0.354337
0.022950 0.423878 -0.339084
0.057372 0.418000 -0.333944
0.102951 0.419155 -0.345046
0.143830 0.421532 -0.337013
0.178793 0.424418 -0.340936
0.218615 0.427859 -0.339618
0.251656 0.412856 -0.345324
-0.133363 0.460955 -0.340355
-0.052263 0.467617 -0.333050
-0.029149 0.449447 -0.333536
-0.098906 0.485402 -0.333045
-0.077022 0.484403 -0.335249
-0.103857 -0.489360 -0.305406
-0.055757 -0.490382 -0.298939
-0.134353 -0.461279 -0.299891
-0.014056 -0.460402 -0.300605
0.008184 -0.443397 -0.298884
-0.174541 -0.400307 -0.306731
-0.155369 -0.424512 -0.309491
0.026123 -0.431854 -0.308112
0.074946 -0.425045 -0.305244
0.090267 -0.424708 -0.293433
0.139795 -0.425466 -0.303595
0.236419 -0.435978 -0.309643
0.257231 -0.421973 -0.304070
-0.213174 -0.370173 -0.297078
-0.178057 -0.397464 -0.297151
0.278208 -0.399419 -0.282490
0.284734 -0.372827 -0.299949
-0.363759 -0.327058 -0.299207
-0.346694 -0.335722 -0.289066
-0.298525 -0.341051 -0.301241
-0.254931 -0.348030 -0.295101
0.293292 -0.338953 -0.297391
-0.374513 -0.288791 -0.299712
0.310968 -0.303319 -0.298554
0.324571 -0.286535 -0.315608
-0.375333 -0.261828 -0.296156
0.343837 -0.266698 -0.309131
0.367198 -0.244977 -0.292962
-0.379818 -0.224120 -0.293787
0.390670 -0.230329 -0.302060
0.417842 -0.215637 -0.290105
-0.391152 -0.177591 -0.302747
0.458871 -0.176038 -0.309086
-0.402987 -0.135952 -0.315185
-0.395968 -0.152488 -0.298054
0.462982 -0.128887 -0.291584
-0.421698 -0.097703 -0.312673
0.450719 -0.085670 -0.300507
-0.485115 -0.044369 -0.301895
-0.458625 -0.062515 -0.300240
-0.437780 -0.077053 -0.307017
0.443168 -0.060201 -0.290908
-0.502098 -0.011408 -0.303455
0.436308 -0.021813 -0.304413
-0.493544 0.017728 -0.295646
-0.478148 0.039834 -0.299017
0.437802 0.020364 -0.302232
-0.460227 0.060342 -0.309550
-0.435943 0.079385 -0.285983
0.439294 0.048328 -0.311155
0.441788 0.051181 -0.290530
-0.434302 0.083828 -0.292866
0.447743 0.094651 -0.298034
-0.407137 0.134770 -0.308103
-0.398893 0.140521 -0.290215
0.455310 0.135036 -0.299123
-0.385577 0.185244 -0.299044
0.451034 0.176090 -0.304684
-0.380981 0.232390 -0.309587
0.373231 0.232577 -0.299330
0.412695 0.212455 -0.298329
-0.380875 0.256247 -0.302129
0.335062 0.253472 -0.293169
-0.388843 0.298196 -0.298750
0.294730 0.296543 -0.297399
-0.378909 0.323006 -0.313255
-0.328013 0.331522 -0.308634
-0.307500 0.331837 -0.307476
-0.229179 0.347723 -0.300699
0.278965 0.329763 -0.289576
0.280712 0.354818 -0.319435
-0.182478 0.375502 -0.296902
-0.158855 0.393908 -0.285059
0.269912 0.385191 -0.294151
-0.156019 0.414640 -0.308603
-0.012806 0.438742 -0.286183
0.024962 0.421836 -0.300704
0.058472 0.416388 -0.300517
0.096147 0.414299 -0.289525
0.139407 0.421197 -0.305720
0.179964 0.426750 -0.297330
0.215222 0.431401 -0.299043
0.249134 0.419079 -0.303936
-0.140695 0.453971 -0.299597
-0.046651 0.465299 -0.308315
-0.026633 0.449775 -0.306917
-0.125838 0.482304 -0.295355
-0.113127 0.488962 -0.307996
-0.071351 0.485319 -0.297859
-0.098311 -0.498364 -0.267753
-0.061269 -0.495635 -0.261354
-0.037234 -0.483067 -0.265399
-0.132069 -0.467749 -0.260983
-0.019764 -0.457438 -0.260798
0.008637 -0.440646 -0.275861
-0.154431 -0.418266 -0.263370
-0.002786 -0.427818 -0.244858
0.004797 -0.432302 -0.254689
0.055410 -0.423409 -0.263074
0.104518 -0.420941 -0.261611
0.144305 -0.420040 -0.255246
0.183939 -0.428595 -0.256885
0.226025 -0.436490 -0.262426
0.264645 -0.416104 -0.269234
-0.203623 -0.369406 -0.259291
-0.182345 -0.384856 -0.261422
0.278768 -0.363417 -0.258659
0.281525 -0.367252 -0.266597
-0.370295 -0.329015 -0.266419
-0.340418 -0.336145 -0.261829
-0.311955 -0.337343 -0.259422
-0.252279 -0.344248 -0.264611
-0.231744 -0.349329 -0.253421
0.275447 -0.334229 -0.250420
0.287264 -0.339760 -0.272256
-0.375533 -0.311693 -0.269806
0.306196 -0.293477 -0.268393
-0.370938 -0.263970 -0.253995
0.314160 -0.278525 -0.256397
0.339773 -0.258841 -0.266005
0.361347 -0.242640 -0.268503
-0.374596 -0.222684 -0.255536
0.351917 -0.237359 -0.241905
0.382957 -0.226990 -0.261195
0.413034 -0.213107 -0.259389
-0.385999 -0.179268 -0.262975
0.439909 -0.190878 -0.241109
0.454332 -0.182705 -0.253691
-0.400042 -0.125822 -0.277732
-0.394744 -0.133906 -0.259653
0.461678 -0.136196 -0.249955
-0.414155 -0.091573 -0.252019
0.451324 -0.089748 -0.262115
-0.482567 -0.049727 -0.253760
-0.468490 -0.057630 -0.249363
-0.429109 -0.073778 -0.241165
0.434192 -0.045333 -0.252345
0.442117 -0.055253 -0.273731
-0.499520 -0.020205 -0.252957
0.433686 -0.023138 -0.255802
-0.490396 0.017162 -0.266586
-0.470575 0.032318 -0.256806
0.437377 0.011306 -0.256847
0.442734 0.038556 -0.275545
-0.450749 0.052233 -0.261283
-0.428073 0.065035 -0.244758
0.439477 0.040997 -0.246224
0.443606 0.063344 -0.247796
-0.415328 0.092297 -0.260869
0.452604 0.103167 -0.256500
-0.395322 0.131830 -0.265267
-0.370350 0.182489 -0.265830
-0.349992 0.192621 -0.251254
0.439033 0.192901 -0.260717
0.449684 0.181186 -0.246170
-0.339628 0.209535 -0.255029
-0.290587 0.233241 -0.253382
-0.267996 0.234107 -0.241746
0.353614 0.234786 -0.258777
0.376174 0.221055 -0.246344
0.413657 0.209284 -0.258984
-0.338806 0.266433 -0.250944
-0.294871 0.265719 -0.253184
-0.263642 0.251951 -0.243700
0.303792 0.273049 -0.278448
0.330820 0.247302 -0.263289
-0.372732 0.299020 -0.246018
-0.336369 0.312344 -0.253963
-0.302976 0.302189 -0.253321
-0.275697 0.317638 -0.261670
0.260936 0.311757 -0.257005
0.286669 0.282109 -0.261487
-0.370378 0.325663 -0.265531
-0.346745 0.325531 -0.265630
-0.295656 0.323006 -0.268692
-0.255736 0.325187 -0.264264
-0.223818 0.337348 -0.261153
-0.191140 0.354678 -0.259326
0.260596 0.332788 -0.261662
-0.186372 0.366750 -0.277882
-0.148729 0.387169 -0.260881
-0.085803 0.392457 -0.248343
-0.063106 0.393522 -0.253865
-0.020090 0.378406 -0.247368
0.040977 0.394706 -0.245909
0.097850 0.395933 -0.243803
0.261006 0.377131 -0.256787
-0.139119 0.419577 -0.262268
-0.119635 0.413665 -0.245174
-0.056606 0.423646 -0.249250
-0.016271 0.415869 -0.260498
0.017224 0.413458 -0.259515
0.058640 0.411235 -0.265949
0.109360 0.409743 -0.262363
0.142411 0.411568 -0.259873
0.178503 0.424635 -0.266233
0.218765 0.435969 -0.265075
0.252616 0.424159 -0.253775
-0.133264 0.479930 -0.249928
-0.053283 0.446191 -0.244481
-0.027270 0.452609 -0.264396
-0.130573 0.483681 -0.245089
-0.100345 0.495281 -0.265622
-0.066546 0.487110 -0.267556
-0.074734 -0.483756 -0.224543
-0.123583 -0.470924 -0.229277
-0.107547 -0.451185 -0.222204
-0.058087 -0.473259 -0.226295
-0.034246 -0.448754 -0.235749
-0.129763 -0.416716 -0.228853
-0.099257 -0.417747 -0.220919
-0.065922 -0.431974 -0.221115
-0.019617 -0.418915 -0.227274
0.018675 -0.410896 -0.232517
0.067727 -0.409894 -0.230097
0.098957 -0.408526 -0.227729
0.135269 -0.409977 -0.234259
0.172905 -0.416026 -0.237884
0.223331 -0.413590 -0.222731
0.245847 -0.418284 -0.228596
-0.171648 -0.380376 -0.238291
-0.130146 -0.374207 -0.216283
-0.104016 -0.387551 -0.219754
-0.067726 -0.388998 -0.219304
-0.010197 -0.369940 -0.210289
0.021817 -0.384517 -0.210595
0.073084 -0.387330 -0.204623
0.108599 -0.385722 -0.209336
0.139173 -0.375767 -0.212500
0.181970 -0.381859 -0.218219
0.207243 -0.361682 -0.219203
0.256349 -0.391078 -0.228210
-0.347505 -0.324713 -0.220050
-0.310710 -0.332101 -0.232149
-0.251829 -0.325664 -0.217800
-0.215817 -0.344017 -0.219755
-0.190638 -0.351600 -0.210186
-0.094591 -0.352390 -0.206419
-0.060896 -0.345126 -0.203303
0.149220 -0.351344 -0.207872
0.173339 -0.334575 -0.210893
0.225910 -0.340721 -0.221080
0.262990 -0.321019 -0.234080
-0.374576 -0.301445 -0.235874
-0.342025 -0.305218 -0.216353
-0.296005 -0.289099 -0.211122
-0.265072 -0.311660 -0.212675
0.218253 -0.304565 -0.208688
0.261833 -0.297121 -0.219057
-0.361132 -0.254748 -0.239030
-0.336128 -0.259030 -0.217812
-0.294460 -0.256499 -0.208016
-0.270633 -0.272458 -0.202253
0.311025 -0.259860 -0.222496
0.336396 -0.244738 -0.231830
-0.370994 -0.214572 -0.234512
-0.346771 -0.224548 -0.216369
0.340861 -0.225796 -0.213951
0.372125 -0.209061 -0.218767
0.411419 -0.201157 -0.230092
-0.372491 -0.183008 -0.218835
-0.359224 -0.186513 -0.205699
0.383583 -0.189913 -0.210367
0.417659 -0.184224 -0.219611
0.442718 -0.172419 -0.224951
-0.380046 -0.152438 -0.222512
0.395533 -0.136327 -0.201029
0.436978 -0.133288 -0.218640
0.447012 -0.145139 -0.225861
-0.403561 -0.092580 -0.233475
-0.392810 -0.100125 -0.222421
0.393453 -0.100769 -0.202809
0.415409 -0.109416 -0.210941
0.442315 -0.103089 -0.233586
-0.464329 -0.049438 -0.221108
-0.415336 -0.068872 -0.220334
-0.398191 -0.063170 -0.209816
0.394659 -0.053779 -0.208005
0.416024 -0.055869 -0.221162
-0.481873 -0.018696 -0.214663
-0.457777 -0.020574 -0.206474
0.391176 -0.027177 -0.204891
0.420065 -0.012761 -0.224261
-0.485399 0.007102 -0.230021
-0.455057 0.023501 -0.224499
-0.421811 0.020713 -0.206419
-0.398592 0.036951 -0.202593
0.410480 0.010793 -0.214656
-0.419011 0.054864 -0.223148
-0.393993 0.065699 -0.207625
0.421851 0.048010 -0.214284
-0.388691 0.104823 -0.226090
0.430738 0.105655 -0.208864
0.445994 0.100320 -0.229765
-0.368567 0.140457 -0.223124
-0.352293 0.154667 -0.214192
0.433794 0.125773 -0.207622
0.449663 0.136304 -0.220956
-0.335781 0.173677 -0.219244
-0.304281 0.188850 -0.217477
0.392659 0.190125 -0.206315
0.428152 0.179601 -0.214888
0.443661 0.176471 -0.227245
-0.308189 0.200650 -0.236881
-0.262780 0.217564 -0.217110
0.309657 0.230775 -0.213625
0.338488 0.225616 -0.223699
0.373201 0.213497 -0.224878
-0.255168 0.269270 -0.228147
0.266988 0.259182 -0.211534
0.285509 0.248996 -0.213931
-0.245697 0.284621 -0.211495
0.157886 0.314227 -0.223040
0.182005 0.307847 -0.223730
0.220871 0.304070 -0.231925
0.252199 0.283608 -0.234562
-0.216386 0.328373 -0.228394
-0.189824 0.334926 -0.204741
-0.138328 0.349477 -0.216169
-0.091702 0.345211 -0.217742
-0.067591 0.345304 -0.224759
-0.024687 0.345932 -0.219802
0.006632 0.351649 -0.209066
0.054475 0.353858 -0.201854
0.107376 0.345522 -0.217751
0.140257 0.344667 -0.229191
0.181755 0.338563 -0.233696
0.218625 0.341630 -0.237664
-0.100154 0.371583 -0.238856
0.062923 0.373838 -0.226354
0.107766 0.383554 -0.237734
0.121939 0.385308 -0.237713
0.174604 0.374230 -0.234165
0.210403 0.368998 -0.231284
0.250157 0.385609 -0.235270
-0.100473 0.436456 -0.231242
0.199119 0.424238 -0.234603
0.210944 0.412691 -0.225809
0.249349 0.425844 -0.228349
-0.122720 0.452730 -0.225403
-0.108615 0.465571 -0.217686
-0.063770 0.459504 -0.230919
-0.121845 0.490410 -0.226322
-0.109121 0.492671 -0.227620
0.016414 -0.362939 -0.189957
0.058374 -0.367919 -0.172189
0.090233 -0.373080 -0.187196
-0.205903 -0.328158 -0.178944
-0.175923 -0.339501 -0.185530
-0.145834 -0.333849 -0.169592
-0.104173 -0.329890 -0.170699
-0.067859 -0.331670 -0.184202
-0.019536 -0.346017 -0.191730
0.108966 -0.353448 -0.170937
0.138676 -0.335046 -0.187871
-0.249248 -0.286567 -0.190388
-0.220918 -0.304060 -0.169045
0.173970 -0.303307 -0.194777
0.213988 -0.285211 -0.191287
-0.281059 -0.246503 -0.199599
-0.260360 -0.244655 -0.184678
0.195320 -0.279267 -0.166728
0.205823 -0.274810 -0.165772
0.252360 -0.266346 -0.179028
0.286257 -0.256725 -0.191620
-0.322062 -0.200751 -0.192986
-0.289900 -0.215713 -0.188047
-0.270440 -0.219707 -0.177940
0.308121 -0.221586 -0.178087
0.333448 -0.215792 -0.198556
-0.342632 -0.173658 -0.178957
-0.300922 -0.195147 -0.170120
0.309021 -0.195721 -0.166699
0.342838 -0.182711 -0.190069
0.370965 -0.169394 -0.197027
-0.365318 -0.129594 -0.178241
-0.349133 -0.154788 -0.166315
0.312645 -0.153277 -0.162759
0.337633 -0.145498 -0.181423
0.378058 -0.134195 -0.196615
-0.370181 -0.109533 -0.182305
0.342780 -0.097938 -0.177474
0.369642 -0.098278 -0.194640
-0.374031 -0.061244 -0.181182
-0.358715 -0.061119 -0.164589
0.350089 -0.048782 -0.166477
0.363558 -0.048725 -0.181240
-0.414852 -0.025351 -0.198362
-0.375029 -0.025959 -0.186742
-0.350530 -0.007276 -0.162248
0.354313 -0.037395 -0.167569
0.362837 -0.018171 -0.173710
-0.408431 0.004505 -0.198638
-0.373999 0.016054 -0.186306
-0.356360 0.031148 -0.161481
0.356712 0.002765 -0.161646
0.376570 0.022499 -0.183083
-0.372997 0.050468 -0.178675
0.351946 0.065961 -0.166091
0.376462 0.056203 -0.181355
0.408169 0.069023 -0.199953
-0.365419 0.097546 -0.175701
0.345133 0.097002 -0.167591
0.383392 0.097211 -0.183294
0.421692 0.106306 -0.199119
-0.335780 0.154084 -0.177470
0.312265 0.155946 -0.160574
0.346969 0.136944 -0.174315
0.383176 0.144478 -0.184020
0.421530 0.148504 -0.196498
-0.322568 0.165241 -0.183764
-0.309781 0.172325 -0.178167
-0.274056 0.195559 -0.179481
0.308099 0.186965 -0.169065
0.332673 0.186714 -0.184133
0.378848 0.177073 -0.191506
-0.253507 0.216559 -0.177663
0.279324 0.237613 -0.193428
0.293057 0.214425 -0.177328
-0.244002 0.247419 -0.187628
0.187875 0.271440 -0.167313
0.223300 0.262760 -0.181739
-0.233581 0.289204 -0.185426
0.119677 0.318585 -0.192610
0.146145 0.298533 -0.171766
0.166670 0.284249 -0.174646
-0.205536 0.321378 -0.185041
-0.185107 0.328524 -0.179542
-0.132113 0.336306 -0.182921
-0.100787 0.333237 -0.178470
-0.063552 0.330341 -0.173377
-0.021578 0.335540 -0.176253
0.016110 0.345840 -0.185254
0.053255 0.347262 -0.178817
0.090971 0.335800 -0.175415
0.061602 -0.362025 -0.142696
-0.172485 -0.327033 -0.142662
-0.135188 -0.326993 -0.142990
-0.103229 -0.326329 -0.146508
-0.062251 -0.328752 -0.130343
-0.018941 -0.339010 -0.137452
0.019123 -0.351956 -0.142566
0.099640 -0.351877 -0.144659
0.127503 -0.323909 -0.128661
-0.207977 -0.304562 -0.135864
-0.196886 -0.313688 -0.122664
0.156081 -0.296150 -0.149537
0.182587 -0.280018 -0.143785
-0.240112 -0.245957 -0.141647
-0.228788 -0.277218 -0.145253
0.187345 -0.278075 -0.145295
0.215934 -0.267500 -0.136893
0.259006 -0.252839 -0.139763
-0.251324 -0.218235 -0.135002
0.293629 -0.216731 -0.134697
-0.325274 -0.163397 -0.132191
-0.296392 -0.182330 -0.135346
-0.273353 -0.195262 -0.125952
0.304745 -0.177241 -0.146559
-0.344734 -0.141200 -0.132794
0.308747 -0.143594 -0.133330
-0.361121 -0.115778 -0.159999
-0.356100 -0.107260 -0.129878
0.319187 -0.103730 -0.146060
-0.349057 -0.049831 -0.131735
-0.347881 -0.002998 -0.158826
0.349694 -0.006395 -0.138472
-0.350968 0.021952 -0.134341
0.347602 0.033374 -0.135738
-0.360049 0.059282 -0.155485
-0.357998 0.055612 -0.137187
0.338298 0.064407 -0.140955
-0.357365 0.098118 -0.133181
0.318414 0.111929 -0.137002
0.320727 0.107299 -0.142002
-0.336849 0.143071 -0.135862
0.309678 0.143900 -0.140961
0.320363 0.124328 -0.158505
-0.288313 0.182649 -0.143676
-0.273123 0.193131 -0.125619
0.289272 0.199742 -0.150347
-0.246941 0.224313 -0.145722
-0.239942 0.239290 -0.121506
0.277598 0.218611 -0.130328
0.283616 0.209866 -0.135350
-0.231251 0.274655 -0.141555
0.174220 0.275619 -0.146983
0.222514 0.255456 -0.141767
0.249420 0.244846 -0.140734
-0.221622 0.292145 -0.141718
0.136991 0.303753 -0.148087
0.163044 0.282699 -0.148031
-0.177347 0.324211 -0.136405
-0.143376 0.326928 -0.125852
-0.091013 0.327675 -0.145733
-0.064778 0.328200 -0.147742
-0.017200 0.335352 -0.135227
0.020007 0.343105 -0.150005
0.068030 0.341304 -0.141598
0.102226 0.328190 -0.134974
-0.167709 -0.324902 -0.092158
-0.131050 -0.327061 -0.095799
-0.109977 -0.327046 -0.101202
-0.063354 -0.331894 -0.089814
-0.028207 -0.337953 -0.096263
0.027118 -0.353209 -0.109554
0.060023 -0.357779 -0.105136
0.114130 -0.336188 -0.092456
0.127895 -0.324102 -0.099701
-0.212879 -0.295206 -0.104807
0.135560 -0.317090 -0.090883
0.178124 -0.283594 -0.091315
-0.236113 -0.256523 -0.084712
0.192325 -0.276563 -0.105280
0.209811 -0.270118 -0.092677
0.253145 -0.253985 -0.099698
0.278265 -0.237871 -0.101109
0.292114 -0.221634 -0.097198
-0.309341 -0.170849 -0.093664
-0.271633 -0.194944 -0.105294
0.305733 -0.171153 -0.097594
-0.336129 -0.148307 -0.097172
0.311234 -0.133409 -0.096808
-0.352931 -0.096984 -0.097662
0.316517 -0.109619 -0.097195
0.324998 -0.088578 -0.103505
-0.350066 -0.053262 -0.100721
0.341948 -0.048855 -0.098362
-0.347642 -0.020187 -0.110376
0.350000 -0.011105 -0.097472
-0.351614 0.025050 -0.092568
0.350364 0.015192 -0.095923
-0.357656 0.061886 -0.104889
0.344354 0.045687 -0.099067
-0.356440 0.096101 -0.099880
0.329146 0.081679 -0.115712
-0.332554 0.150092 -0.101353
0.306914 0.144507 -0.105695
-0.295361 0.177681 -0.102479
-0.268413 0.196886 -0.093822
0.301752 0.163252 -0.103764
-0.253449 0.211675 -0.095803
0.271065 0.227209 -0.096691
0.285530 0.208311 -0.102203
-0.233640 0.255203 -0.100163
0.180590 0.272733 -0.102608
0.223115 0.255857 -0.095577
-0.211048 0.299157 -0.109810
0.117883 0.318696 -0.119968
0.137061 0.303734 -0.102720
-0.170776 0.323521 -0.098968
-0.153690 0.325662 -0.097883
-0.099437 0.324744 -0.099358
-0.058283 0.327334 -0.101787
-0.018364 0.335152 -0.094318
0.029034 0.344067 -0.102513
0.067738 0.341173 -0.098898
0.092683 0.332801 -0.090019
-0.169486 -0.325511 -0.070017
-0.127744 -0.328467 -0.078291
-0.108802 -0.330768 -0.059160
-0.062618 -0.334320 -0.060993
-0.028406 -0.340171 -0.058151
0.025223 -0.352373 -0.057591
0.056259 -0.354707 -0.054624
0.101029 -0.343802 -0.067500
0.125032 -0.324805 -0.054270
-0.214477 -0.291324 -0.064158
-0.191989 -0.316313 -0.055241
0.146274 -0.305737 -0.060550
0.175913 -0.281399 -0.041784
-0.241122 -0.241724 -0.055350
-0.233705 -0.259245 -0.062954
0.187132 -0.276576 -0.041294
0.228193 -0.262209 -0.057483
0.257277 -0.248467 -0.053557
-0.249671 -0.221603 -0.056613
0.294962 -0.212037 -0.058130
-0.303488 -0.173231 -0.061778
-0.271404 -0.195648 -0.061638
0.302200 -0.194250 -0.072476
-0.331471 -0.145973 -0.057980
-0.348398 -0.101050 -0.053530
0.325625 -0.093561 -0.062049
-0.350825 -0.064955 -0.058787
0.335821 -0.069391 -0.064860
-0.349973 -0.009956 -0.064681
0.350697 -0.018297 -0.064194
-0.352786 0.025962 -0.057168
0.349544 0.032137 -0.059715
-0.356898 0.060044 -0.057443
0.341085 0.059816 -0.058259
-0.354261 0.096251 -0.053250
0.327204 0.093961 -0.072235
-0.341511 0.134617 -0.059597
0.308967 0.142901 -0.062611
-0.299938 0.173946 -0.066053
-0.269003 0.197046 -0.064666
0.301174 0.170023 -0.064311
-0.252789 0.214928 -0.062284
0.267164 0.231595 -0.062537
0.283641 0.213998 -0.054924
-0.233774 0.251645 -0.054048
0.186911 0.271856 -0.060731
0.225155 0.256327 -0.059711
0.251151 0.245113 -0.073908
-0.219302 0.287914 -0.066240
-0.189918 0.316211 -0.042400
0.126120 0.312810 -0.063335
0.167420 0.282090 -0.045270
-0.169817 0.321835 -0.050330
-0.141375 0.324190 -0.067635
-0.088630 0.323645 -0.060267
-0.011181 0.337978 -0.072513
0.022879 0.346231 -0.055709
0.072257 0.342082 -0.054499
0.104523 0.327248 -0.057482
-0.091501 -0.333031 -0.003506
-0.057019 -0.336267 -0.028863
-0.029055 -0.340604 -0.036495
0.026935 -0.351473 -0.019395
0.052455 -0.353254 -0.017425
0.100947 -0.343098 -0.037183
-0.215293 -0.285298 -0.028460
-0.187703 -0.314527 -0.021025
0.128716 -0.317443 -0.009659
0.166343 -0.284338 -0.017628
-0.227608 -0.263073 -0.029394
0.178513 -0.278475 -0.023225
0.214622 -0.262587 -0.014470
0.254342 -0.247964 -0.025323
-0.248405 -0.216115 -0.010117
0.278825 -0.234660 -0.032524
0.293086 -0.215103 -0.019366
-0.305129 -0.167325 -0.018171
-0.274128 -0.189595 -0.018538
0.305122 -0.188742 -0.020422
-0.322183 -0.154069 -0.032522
-0.317625 -0.154645 -0.008644
0.314508 -0.128363 -0.007904
-0.341031 -0.112243 -0.013664
0.318972 -0.110488 -0.032013
0.322016 -0.099067 -0.008929
-0.347194 -0.054037 -0.025737
0.335839 -0.062519 -0.012452
-0.347986 -0.020225 -0.021265
0.346301 -0.035280 -0.013777
-0.352232 0.026326 -0.029146
0.351088 0.023166 -0.038956
-0.353788 0.041677 -0.025175
0.340980 0.055896 -0.023678
-0.350041 0.103256 -0.019851
0.318335 0.114380 -0.034281
0.326642 0.091758 -0.024986
-0.336033 0.136241 -0.018528
-0.312901 0.158142 -0.002753
0.312027 0.129515 -0.022928
-0.284998 0.184035 -0.030441
-0.274449 0.192959 -0.039028
0.297454 0.177599 -0.018692
-0.247126 0.225176 -0.022906
0.269117 0.225901 -0.016495
0.282414 0.208736 -0.002511
-0.228016 0.260046 -0.019301
0.189065 0.271544 -0.016394
0.232552 0.252950 -0.018414
0.244609 0.247509 -0.027257
-0.208165 0.293335 -0.024807
-0.188457 0.309868 -0.014167
0.118568 0.316288 -0.002063
0.134196 0.305656 -0.013832
-0.138786 0.322360 -0.028751
-0.092909 0.323440 -0.027144
-0.062750 0.327344 -0.018134
-0.012853 0.340386 -0.010054
0.027766 0.349715 -0.014323
0.056914 0.347534 -0.012820
0.101761 0.328659 -0.022002
-0.149129 -0.325663 0.023938
-0.061578 -0.334805 0.018733
-0.024559 -0.340535 0.027378
0.021508 -0.350019 0.029846
0.064626 -0.350278 0.026620
0.102734 -0.336195 0.021874
0.121146 -0.323084 0.033842
-0.203408 -0.289191 0.029205
-0.192284 -0.303674 0.021374
0.139883 -0.305553 0.019323
0.161067 -0.284113 0.030817
-0.213114 -0.272144 0.027255
0.185831 -0.269937 0.024121
0.220972 -0.255689 0.020213
0.246792 -0.246259 0.018430
-0.252407 -0.204624 0.021549
-0.235718 -0.227974 0.029973
0.271698 -0.228843 0.033815
0.289018 -0.214207 0.020287
-0.301157 -0.163568 0.030533
-0.271585 -0.184762 0.020210
0.299510 -0.182294 0.020598
-0.325352 -0.136667 0.025457
0.306762 -0.145168 0.025301
-0.338386 -0.100723 0.016832
0.315583 -0.105607 0.023631
-0.339358 -0.064761 0.021536
0.330611 -0.064368 0.020083
-0.344900 -0.008791 0.005498
0.344641 -0.017361 0.027681
-0.347240 0.023726 0.016812
0.346884 0.019727 0.011256
-0.350684 0.065034 0.025420
0.335555 0.056539 0.018102
-0.348470 0.098401 0.014006
0.317881 0.096710 0.032858
0.322344 0.092426 0.011957
-0.330253 0.136851 0.027653
-0.310125 0.156556 0.032700
0.306557 0.134142 0.018026
-0.297574 0.169591 0.016782
-0.276389 0.186809 0.028001
0.291172 0.179894 0.024694
-0.253047 0.211417 0.016962
-0.236465 0.238178 0.013200
0.273383 0.214844 0.026080
0.281080 0.206512 0.015871
-0.215419 0.267587 0.028774
0.186960 0.272069 0.012585
0.213942 0.258199 0.019338
-0.182244 0.304368 0.016037
-0.135235 0.318828 0.016513
-0.104898 0.319475 0.037607
0.115205 0.316831 0.020510
0.140873 0.298708 0.021832
-0.101369 0.320622 0.024707
-0.052601 0.327042 0.027239
-0.022254 0.335330 0.032472
0.025131 0.347869 0.020315
0.047521 0.347973 0.020043
0.094293 0.329979 0.029417
-0.135379 -0.322658 0.054419
-0.090116 -0.327657 0.059518
-0.058680 -0.330261 0.069576
-0.013942 -0.338911 0.067181
0.014714 -0.346411 0.054800
0.059657 -0.346611 0.054413
0.104811 -0.332205 0.058197
-0.182066 -0.303159 0.055585
-0.131503 -0.319251 0.072927
0.143367 -0.298438 0.062461
-0.213015 -0.260622 0.062828
0.192213 -0.259978 0.062528
0.227624 -0.246483 0.051922
0.242063 -0.244022 0.040055
-0.240490 -0.212126 0.071274
-0.231682 -0.229378 0.054943
0.269127 -0.217698 0.067563
-0.294584 -0.163271 0.064388
-0.258853 -0.190769 0.059311
0.292300 -0.179511 0.057842
-0.308328 -0.149177 0.060656
0.303044 -0.142581 0.048841
-0.333113 -0.108607 0.047685
0.306944 -0.102539 0.075668
-0.330774 -0.054889 0.062146
0.328354 -0.050146 0.061790
-0.331654 -0.026092 0.061403
0.335740 -0.019312 0.068359
0.338569 0.018311 0.058975
-0.345036 0.058756 0.057873
0.323252 0.070259 0.060898
-0.338154 0.099809 0.067469
0.310979 0.103481 0.061289
-0.329390 0.125831 0.062701
-0.316670 0.144029 0.066820
0.299511 0.136824 0.060314
-0.291517 0.170092 0.050089
-0.271634 0.186657 0.062040
0.274766 0.191043 0.077793
0.284927 0.174824 0.069194
-0.256946 0.201368 0.065283
-0.233787 0.232714 0.062731
0.235897 0.236352 0.077032
0.265695 0.212547 0.058816
-0.210255 0.261097 0.072412
0.177827 0.273787 0.057163
0.212554 0.254155 0.066671
-0.187388 0.288534 0.061806
-0.142085 0.309742 0.066968
-0.106188 0.317969 0.052296
0.112841 0.314568 0.051165
0.139745 0.296890 0.047860
-0.062799 0.322705 0.063221
-0.021583 0.333111 0.060482
0.019269 0.342754 0.062546
0.060327 0.340424 0.058569
-0.084711 -0.321544 0.097887
-0.063810 -0.324839 0.097074
-0.011967 -0.332544 0.102412
0.031401 -0.336343 0.108869
0.074224 -0.335540 0.096498
0.096355 -0.328891 0.096600
-0.176230 -0.291863 0.096981
-0.143270 -0.305845 0.106681
-0.095017 -0.319637 0.098528
-0.075809 -0.318600 0.117114
-0.204814 -0.255544 0.108440
0.179380 -0.262366 0.093942
0.207262 -0.244085 0.103822
-0.244945 -0.202941 0.096055
-0.224587 -0.227235 0.106909
0.233785 -0.228452 0.109735
0.260435 -0.213966 0.092554
-0.270818 -0.175331 0.104320
0.272128 -0.193202 0.102737
0.282615 -0.177883 0.097294
-0.303961 -0.143001 0.108236
0.294691 -0.136637 0.092704
-0.326223 -0.093486 0.089706
-0.319024 -0.117396 0.105437
0.301752 -0.100542 0.102301
-0.323972 -0.059087 0.106132
0.315415 -0.050318 0.111533
0.320254 -0.046564 0.099559
-0.329641 -0.009525 0.081181
0.318044 -0.034439 0.119664
0.328505 -0.026423 0.089112
-0.330552 0.018203 0.096268
0.329104 0.014035 0.095402
-0.335764 0.060067 0.094805
0.311771 0.073276 0.106546
0.321209 0.055325 0.092272
-0.325840 0.101567 0.107086
-0.319279 0.119089 0.105425
0.310701 0.085406 0.093730
-0.305518 0.139197 0.103420
0.287221 0.143508 0.104731
-0.267263 0.184799 0.100290
0.270857 0.187109 0.096440
0.282919 0.168167 0.086472
-0.246383 0.209683 0.096281
-0.230108 0.231779 0.092626
0.229357 0.235554 0.095910
0.246958 0.215509 0.110626
-0.194520 0.267030 0.115088
0.220131 0.243813 0.092871
-0.176057 0.284548 0.105610
-0.145306 0.299871 0.104892
-0.107137 0.311574 0.098954
-0.071429 0.317259 0.100864
0.101819 0.310632 0.107911
0.132118 0.294287 0.099432
-0.054878 0.321692 0.087624
-0.025812 0.325903 0.105932
0.017051 0.336023 0.094993
0.058348 0.332421 0.098532
-0.029478 -0.323954 0.127025
0.029180 -0.324814 0.146490
0.048104 -0.324661 0.143275
-0.127272 -0.299005 0.146534
-0.094205 -0.309188 0.141151
-0.070387 -0.313904 0.140572
0.068533 -0.318434 0.152842
0.100699 -0.306993 0.148583
0.130806 -0.291872 0.133010
-0.178767 -0.269232 0.146187
0.152768 -0.270323 0.151596
-0.233573 -0.211977 0.125483
0.217952 -0.229501 0.138471
0.247376 -0.208800 0.130645
-0.260795 -0.181110 0.131928
0.262507 -0.184445 0.138646
-0.296132 -0.139386 0.148871
0.276215 -0.142614 0.157210
0.285595 -0.135843 0.130210
-0.316127 -0.095759 0.137494
0.294153 -0.096013 0.141442
-0.315693 -0.078290 0.150166
0.303968 -0.060861 0.144076
-0.321754 -0.015950 0.127111
-0.317628 -0.008544 0.151976
0.314246 -0.010491 0.145305
-0.323701 0.031533 0.133833
0.312182 0.025085 0.147864
0.320429 0.000653 0.129319
-0.323083 0.061573 0.142903
0.307171 0.059718 0.137969
0.292593 0.100278 0.143984
-0.292484 0.143932 0.140667
0.275005 0.143257 0.148725
0.281548 0.120660 0.156677
-0.266285 0.179229 0.135907
0.262351 0.177652 0.139303
-0.244285 0.203279 0.143625
-0.221990 0.229929 0.143253
0.224332 0.226625 0.136807
0.249415 0.200992 0.133364
-0.208767 0.247084 0.134806
-0.194065 0.260495 0.140888
0.154462 0.270823 0.156066
0.177594 0.258166 0.149600
0.207394 0.244349 0.127206
-0.163467 0.281635 0.147021
-0.139865 0.294340 0.138098
-0.043902 0.313196 0.159351
0.070799 0.315673 0.148544
0.098582 0.305430 0.141169
0.131775 0.287468 0.138456
-0.011592 0.324369 0.134492
0.018542 0.324723 0.148478
0.060219 0.324435 0.130334
-0.141299 -0.288064 0.165996
-0.094897 -0.301266 0.170456
-0.060501 -0.305292 0.180912
-0.015726 -0.309364 0.188516
0.021104 -0.314161 0.179315
0.062259 -0.308704 0.184854
0.090056 -0.302030 0.180935
0.126122 -0.282982 0.175089
-0.175005 -0.261537 0.181252
0.148294 -0.263214 0.189146
0.168033 -0.250432 0.185765
-0.220197 -0.217300 0.177008
-0.198954 -0.236766 0.198012
0.192376 -0.231856 0.191492
0.213027 -0.220257 0.179968
-0.252903 -0.179427 0.183263
0.235078 -0.199935 0.179241
0.247438 -0.190270 0.169610
-0.290901 -0.129114 0.188371
0.270477 -0.143907 0.173124
-0.304563 -0.098513 0.179341
0.278690 -0.118073 0.177020
0.286465 -0.096789 0.171732
-0.310906 -0.053339 0.176508
0.292597 -0.057440 0.186992
-0.311578 -0.025184 0.179143
0.303159 -0.034995 0.168499
-0.312073 0.021888 0.183643
0.303945 0.020366 0.173766
-0.313471 0.051030 0.179379
0.291563 0.065931 0.184047
-0.304746 0.099642 0.181476
0.279834 0.088077 0.199654
0.290496 0.087386 0.166333
-0.295717 0.123077 0.178971
-0.272175 0.153476 0.194717
0.267250 0.141910 0.177282
-0.254100 0.185198 0.170620
0.238887 0.196442 0.175901
0.250286 0.177948 0.177481
-0.223564 0.218199 0.180152
0.188211 0.239182 0.192271
0.207568 0.233960 0.162189
-0.180498 0.261000 0.177654
0.143159 0.267419 0.197828
0.175386 0.247110 0.198445
-0.136653 0.288814 0.169434
-0.095943 0.297842 0.182959
-0.059055 0.304066 0.189282
-0.038467 0.311114 0.174348
0.021499 0.318031 0.174781
0.065146 0.310555 0.177722
0.099053 0.294023 0.185932
0.129363 0.280730 0.176474
0.007063 0.321149 0.160655
-0.109402 -0.284749 0.218233
-0.058473 -0.295686 0.216396
-0.021977 -0.297086 0.225982
0.031111 -0.295252 0.235458
0.060182 -0.297484 0.217355
0.094200 -0.285370 0.220221
-0.181256 -0.247687 0.221195
-0.151101 -0.264778 0.236895
0.110549 -0.275662 0.222770
0.136911 -0.261505 0.217565
0.168625 -0.244714 0.204818
-0.215562 -0.213380 0.221069
-0.194987 -0.238945 0.206325
0.186007 -0.223637 0.228280
0.207628 -0.208904 0.219705
-0.247410 -0.175660 0.223893
-0.233001 -0.191747 0.227288
0.228553 -0.189108 0.216349
-0.284354 -0.125286 0.216376
-0.272848 -0.146134 0.215160
0.259130 -0.131517 0.223235
-0.288266 -0.100265 0.233443
0.270755 -0.097839 0.223092
-0.299829 -0.059193 0.218469
0.275716 -0.060962 0.234513
0.285648 -0.052210 0.211097
-0.304620 -0.013693 0.210832
0.291138 -0.024397 0.207517
-0.303982 0.024816 0.215931
0.291960 0.011253 0.208959
-0.303005 0.048023 0.218127
0.274026 0.075318 0.229664
0.285525 0.054664 0.210278
-0.292266 0.101389 0.221339
0.267946 0.104828 0.221772
-0.283318 0.126400 0.212603
-0.265914 0.150988 0.222944
0.253341 0.133091 0.233219
-0.246160 0.181272 0.216074
0.230796 0.177387 0.230431
-0.208734 0.220546 0.227320
-0.194431 0.235601 0.225272
0.182670 0.232047 0.224346
0.205633 0.211371 0.227639
-0.171124 0.256258 0.218229
-0.146588 0.269304 0.224897
0.144144 0.260867 0.219114
0.171633 0.245111 0.212278
-0.122811 0.283549 0.212659
-0.105291 0.288332 0.214264
-0.060719 0.294720 0.228359
-0.013964 0.303400 0.221261
0.029007 0.304319 0.222538
0.060837 0.299013 0.219500
0.097233 0.287444 0.214591
-0.055635 -0.285957 0.251126
-0.021538 -0.290548 0.247580
0.013038 -0.284349 0.266652
0.061966 -0.284239 0.249943
-0.145544 -0.259030 0.263801
-0.109196 -0.271730 0.265178
-0.075078 -0.277713 0.268983
0.019185 -0.279643 0.278191
0.047535 -0.277525 0.273530
0.097839 -0.262500 0.272591
0.122959 -0.249497 0.271624
-0.210524 -0.214321 0.243178
-0.186524 -0.229545 0.273443
0.147200 -0.235987 0.268188
0.160682 -0.224433 0.273507
-0.228447 -0.187779 0.259396
0.195776 -0.197623 0.267878
0.216907 -0.180643 0.257071
-0.264211 -0.136448 0.258374
0.232786 -0.153789 0.264910
0.245823 -0.138405 0.251678
-0.283527 -0.096325 0.249910
-0.276336 -0.103307 0.265008
0.254271 -0.097935 0.269981
-0.288393 -0.062324 0.254330
-0.279932 -0.067452 0.277944
0.267498 -0.059084 0.258463
-0.291771 -0.008289 0.256869
0.277058 -0.026923 0.244424
-0.288168 0.017032 0.269614
0.274213 0.026070 0.253321
-0.290320 0.058454 0.257561
0.267466 0.055567 0.260103
-0.283349 0.086446 0.263286
-0.271517 0.109389 0.276889
0.256622 0.099238 0.258463
-0.254906 0.148662 0.262603
0.232627 0.141516 0.274653
0.241528 0.135718 0.261403
-0.247952 0.164041 0.252906
-0.229053 0.180958 0.271548
0.213632 0.181345 0.264021
-0.204959 0.209533 0.270503
-0.184895 0.232481 0.256962
0.155686 0.233367 0.277675
0.178858 0.224582 0.252484
-0.160472 0.245212 0.273649
-0.140236 0.262244 0.257371
-0.116368 0.276062 0.248747
0.104771 0.273363 0.249294
0.133720 0.255283 0.258124
-0.087761 0.283517 0.251566
-0.048705 0.287117 0.266260
-0.024134 0.291996 0.259285
0.024329 0.292499 0.261827
0.062140 0.284781 0.265938
-0.139554 -0.247369 0.302116
-0.102564 -0.261589 0.298248
-0.063827 -0.267790 0.300392
-0.027655 -0.270677 0.300974
0.030143 -0.269535 0.297456
0.064135 -0.260322 0.301179
0.098742 -0.249670 0.297435
-0.188143 -0.214524 0.304422
0.138676 -0.228765 0.295967
0.169268 -0.208815 0.292128
-0.222348 -0.178678 0.298263
0.196483 -0.180868 0.297744
0.204979 -0.175904 0.290867
-0.252939 -0.134758 0.292232
-0.234563 -0.154191 0.311882
0.222603 -0.144382 0.297698
-0.270414 -0.084172 0.293540
0.233130 -0.103248 0.314416
0.246140 -0.104512 0.285669
-0.269606 -0.057978 0.306395
0.251729 -0.063305 0.296022
-0.273350 -0.024013 0.306351
-0.281067 0.009264 0.289658
-0.271621 0.013405 0.314386
0.252812 0.024660 0.305064
-0.281331 0.054030 0.285285
-0.273775 0.063856 0.302655
0.248209 0.068121 0.300492
-0.267489 0.092838 0.300907
0.230134 0.105378 0.312413
0.246717 0.103400 0.281969
-0.251209 0.140727 0.287507
-0.233333 0.157345 0.303721
0.217734 0.142093 0.301968
-0.221314 0.175089 0.299672
0.192804 0.180098 0.303421
0.200174 0.184284 0.286455
-0.179251 0.222543 0.291475
-0.153365 0.235712 0.304637
0.139908 0.231841 0.305025
0.167462 0.209751 0.303335
-0.137892 0.249571 0.292845
-0.095777 0.262102 0.303285
-0.049524 0.272380 0.306302
-0.030355 0.275326 0.305167
0.014213 0.277250 0.305228
0.063541 0.268283 0.307574
0.100408 0.255798 0.303875
0.121944 0.251510 0.287882
-0.004488 0.281810 0.294211
0.002138 0.283261 0.290499
0.060023 0.280123 0.283148
-0.131224 -0.240717 0.323827
-0.091576 -0.246976 0.335824
-0.018055 -0.257973 0.329621
0.053457 -0.251865 0.323695
-0.137790 -0.226709 0.343663
-0.101585 -0.235648 0.351430
0.065202 -0.233103 0.348146
0.104256 -0.221727 0.340893
0.137409 -0.211838 0.327769
-0.205805 -0.168940 0.344427
0.158397 -0.192326 0.334843
0.167412 -0.180709 0.342152
-0.223955 -0.149137 0.336525
0.180201 -0.155188 0.355223
0.206272 -0.138711 0.334474
-0.250455 -0.091728 0.332502
-0.231233 -0.116395 0.353239
0.224956 -0.097989 0.333207
0.230718 -0.056673 0.341588
-0.254678 -0.032158 0.345445
0.229010 -0.020520 0.352849
-0.255710 0.021267 0.348467
0.230418 0.034652 0.346918
0.242137 0.026229 0.327912
-0.257134 0.060075 0.338801
0.224086 0.063026 0.346733
-0.246510 0.088414 0.347814
-0.238208 0.105595 0.352332
0.216615 0.096479 0.341930
-0.226485 0.143096 0.333023
0.190639 0.140513 0.348042
0.204172 0.138389 0.329042
-0.186136 0.180876 0.347433
0.178893 0.170757 0.337350
-0.167733 0.214419 0.323886
-0.137484 0.227219 0.334611
-0.109213 0.233363 0.347208
0.135324 0.217091 0.334764
-0.120055 0.241345 0.326900
-0.107761 0.249344 0.321543
-0.048498 0.245831 0.355915
-0.016599 0.255543 0.345762
0.009099 0.259050 0.340430
0.056057 0.253987 0.337881
0.104541 0.243031 0.325076
-0.143055 -0.212752 0.360223
-0.090650 -0.223897 0.372560
-0.061990 -0.226764 0.374708
-0.030386 -0.219563 0.387705
0.029812 -0.215179 0.384357
0.060925 -0.211211 0.378439
-0.175020 -0.172581 0.377099
-0.134078 -0.198107 0.383188
-0.111100 -0.195059 0.398215
0.063672 -0.193677 0.397270
0.103667 -0.182611 0.389549
0.128005 -0.177978 0.379231
-0.204371 -0.132877 0.378405
-0.192385 -0.139045 0.388005
0.141580 -0.159178 0.387526
0.179518 -0.137835 0.370319
-0.221879 -0.097366 0.376647
0.182679 -0.108499 0.386529
-0.240749 -0.044963 0.368059
-0.226865 -0.055076 0.387477
0.192122 -0.059861 0.396153
0.208589 -0.076768 0.371459
-0.227143 -0.012980 0.395009
0.212085 -0.018617 0.378627
-0.245978 0.017212 0.366331
-0.233446 0.025109 0.386539
0.212139 0.017172 0.377190
-0.242883 0.075475 0.360863
-0.228886 0.057009 0.389263
0.206611 0.061286 0.375672
-0.221121 0.089631 0.385820
0.181825 0.097587 0.390260
0.206363 0.080382 0.367358
-0.201004 0.131908 0.379979
-0.195266 0.135385 0.384040
0.149586 0.148744 0.391137
0.176552 0.133191 0.372599
-0.151188 0.179219 0.385474
-0.108390 0.194605 0.396946
0.098336 0.192626 0.394394
0.133731 0.185657 0.374352
0.165261 0.162168 0.363445
-0.127587 0.202751 0.376428
-0.103529 0.214049 0.377189
-0.059401 0.225698 0.380003
-0.017706 0.227039 0.386678
0.053640 0.219506 0.386876
0.106634 0.214860 0.365049
0.130405 0.200318 0.362084
-0.043823 0.242169 0.362407
-0.035969 0.243524 0.361727
0.019333 0.241372 0.367726
-0.037050 -0.200498 0.408377
0.015269 -0.203867 0.400068
-0.133659 -0.172020 0.407994
-0.092764 -0.192274 0.407169
-0.059700 -0.181999 0.423767
-0.018038 -0.188215 0.419795
0.026831 -0.184104 0.417437
0.053422 -0.171511 0.421020
0.084907 -0.165233 0.414670
-0.190044 -0.124610 0.400801
-0.154204 -0.149286 0.413799
-0.114968 -0.148051 0.436437
0.072757 -0.152794 0.429787
0.101482 -0.139886 0.426035
0.135894 -0.126662 0.415560
-0.174285 -0.103580 0.425488
-0.155965 -0.110678 0.437997
0.144224 -0.105432 0.421764
0.163716 -0.100671 0.408712
-0.205230 -0.050217 0.415230
-0.182141 -0.078345 0.430389
0.153387 -0.058535 0.433927
0.183443 -0.057519 0.405986
-0.209539 -0.013619 0.416349
-0.190240 -0.025511 0.436304
0.177223 -0.011432 0.420632
-0.211115 0.015566 0.415400
-0.193567 0.003930 0.435042
0.176876 0.015030 0.421357
-0.213760 0.053758 0.407339
-0.193829 0.052603 0.429257
0.151983 0.079552 0.429122
0.168980 0.062372 0.420316
-0.180405 0.101901 0.420413
-0.157654 0.108791 0.436969
0.144684 0.099851 0.426104
-0.170303 0.132846 0.408957
-0.141730 0.148724 0.419270
-0.109194 0.159500 0.429365
0.099089 0.150656 0.426962
0.144908 0.133401 0.406182
-0.131741 0.169316 0.408557
-0.095913 0.190450 0.407054
-0.061602 0.181232 0.427572
-0.006196 0.192677 0.424437
0.019947 0.193987 0.420982
0.054347 0.179730 0.423831
0.099732 0.170158 0.412414
-0.066070 0.202433 0.405581
-0.020138 0.203355 0.413321
0.030375 0.206071 0.407844
-0.100424 -0.126477 0.455068
-0.059239 -0.137800 0.456992
-0.014423 -0.136548 0.459809
0.011658 -0.137197 0.456073
0.086973 -0.123671 0.443546
-0.164718 -0.086661 0.441590
-0.131668 -0.101740 0.456582
-0.098297 -0.109876 0.466715
-0.021074 -0.117609 0.472111
0.026784 -0.100676 0.478316
0.067604 -0.094945 0.469863
0.104558 -0.089118 0.454415
-0.171378 -0.060176 0.445697
-0.142931 -0.060786 0.468869
0.102872 -0.069575 0.465899
0.134000 -0.058571 0.449061
-0.173609 -0.023767 0.452017
0.115377 -0.020445 0.473412
0.145263 -0.019727 0.449363
-0.171438 0.025282 0.454431
-0.153880 0.025607 0.470238
0.144989 0.016541 0.450862
-0.146267 0.074905 0.461858
0.117162 0.060107 0.464189
-0.151664 0.110146 0.440480
-0.103630 0.107241 0.469081
0.073075 0.108007 0.467013
0.098876 0.105087 0.455071
0.134985 0.086839 0.440745
-0.116504 0.121249 0.454091
-0.066016 0.138266 0.460068
-0.019279 0.134878 0.469250
0.021890 0.139598 0.461448
0.062744 0.147448 0.444597
0.083388 0.136356 0.443885
-0.043388 0.160299 0.448713
-0.029011 0.169662 0.442742
0.019808 0.170088 0.441037
-0.087099 -0.082031 0.489749
-0.064282 -0.095623 0.485793
-0.032730 -0.089670 0.493402
0.031946 -0.092665 0.482262
-0.093628 -0.065629 0.496163
-0.063726 -0.071731 0.503646
-0.022318 -0.069044 0.511121
0.029657 -0.058959 0.507996
0.059237 -0.063448 0.492891
0.085427 -0.046918 0.486523
-0.131246 -0.019626 0.488655
-0.109857 -0.017274 0.505988
0.067191 -0.015212 0.512950
0.090429 -0.011492 0.495471
-0.121818 0.013837 0.497177
-0.115526 0.022527 0.501320
0.101424 0.019437 0.487160
-0.085431 0.054992 0.511193
-0.069611 0.063154 0.514274
-0.022177 0.076345 0.515406
0.006400 0.074235 0.513657
0.053322 0.053183 0.509095
0.091612 0.053721 0.485820
-0.084264 0.097375 0.484572
-0.051833 0.082005 0.507593
-0.012333 0.092943 0.501854
0.018664 0.096656 0.493009
0.057954 0.087056 0.487992
-0.043986 -0.052514 0.526177
-0.034743 -0.042199 0.535067
0.016464 -0.042725 0.526885
-0.088268 -0.008665 0.525451
-0.053388 -0.019496 0.539941
-0.003108 -0.031197 0.538430
0.021820 -0.027356 0.531893
-0.061462 0.014394 0.539387
-0.023554 0.025466 0.545055
0.021474 0.016623 0.536242
0.058039 0.010851 0.520976
-0.058839 0.043304 0.531068
-0.012587 0.059477 0.526440
0.018419 0.051859 0.523569